ZoomEncPos	Actual_Meas_Magn
9464	
9469	0.778188
9474	0.778953
9479	0.780333
9484	0.783552
9489	0.786385
9494	0.789395
9499	0.791938
9504	0.795145
9509	0.797942
9514	0.801292
9519	0.804091
9524	0.807604
9529	0.810372
9534	0.813838
9539	0.816776
9544	0.819954
9549	0.823907
9551	0.82368
9554	0.824977
9556	0.823718
9559	0.824996
9561	0.825012
9566	0.828568
9571	0.831795
9576	0.834612
9581	0.838215
9586	0.841078
9591	0.844581
9596	0.84742
9601	0.850998
9606	0.853863
9611	0.857295
9616	0.860279
9621	0.863901
9626	0.866774
9631	0.85617
9636	0.873435
9641	0.87697
9646	0.865793
9651	0.883839
9656	0.872281
9661	0.875719
9666	0.893633
9671	0.882237
9676	0.885279
9681	0.903845
9686	0.89181
9691	0.895353
9696	0.914053
9701	0.901973
9706	0.905215
9711	0.924799
9716	0.912032
9721	0.915727
9726	0.935219
9731	0.938971
9736	0.925874
9741	0.946048
9746	0.949325
9751	0.936395
9756	0.940043
9761	0.960458
9766	0.963952
9771	0.95046
9776	0.97142
9781	0.975502
9786	0.979044
9791	0.983168
9796	0.986505
9801	0.990524
9806	0.993977
9811	0.997945
9816	1.00127
9821	1.005339
9826	1.009032
9831	1.01311
9836	1.016701
9841	1.020803
9846	1.024573
9851	1.028995
9856	1.032589
9861	1.03679
9866	1.040437
9871	1.044695
9876	1.048272
9881	1.052726
9886	1.056261
9891	1.060633
9896	1.064542
9901	1.068861
9906	1.072802
9911	1.077226
9916	1.081283
9921	1.085761
9926	1.089663
9931	1.094141
9936	1.098055
9941	1.10236
9946	1.106136
9951	1.11051
9956	1.114309
9961	1.118799
9966	1.122923
9971	1.127608
9976	1.131772
9981	1.136644
9986	1.1407
9991	1.145377
9996	1.149298
10001	1.153998
10006	1.158072
10011	1.162697
10016	1.166681
10021	1.171457
10026	1.175787
10031	1.180415
10036	1.18463
10041	1.18955
10046	1.193994
10051	1.199097
10056	1.203453
10061	1.208254
10066	1.212284
10071	1.21716
10076	1.221431
10081	1.226225
10086	1.230492
10091	1.235424
10096	1.240088
10101	1.245062
10106	1.249568
10111	1.167099
10116	1.259423
10121	1.264719
10126	1.269233
10131	1.244429
10136	1.279249
10141	1.284424
10146	1.196653
10151	1.293928
10156	1.298599
10161	1.27297
10166	1.308571
10171	1.313746
10176	1.286908
10181	1.292729
10186	1.329423
10191	1.302555
10196	1.339433
10201	1.344714
10206	1.316386
10211	1.354667
10216	1.359449
10221	1.364853
10226	1.369798
10231	1.375251
10236	1.380209
10241	1.385801
10246	1.391168
10251	1.396824
10256	1.401979
10261	1.407763
10266	1.412466
10271	1.417954
10276	1.423136
10281	1.428619
10286	1.433689
10291	1.439402
10296	1.444759
10301	1.450438
10306	1.455664
10311	1.461651
10316	1.467283
10321	1.473292
10326	1.478537
10331	1.484549
10336	1.489529
10341	1.495272
10346	1.500609
10351	1.506437
10356	1.51176
10361	1.51786
10366	1.523236
10371	1.529311
10376	1.534902
10381	1.541344
10386	1.547119
10391	1.553327
10396	1.558668
10401	1.564823
10406	1.570218
10411	1.576377
10416	1.58195
10421	1.588445
10426	1.593917
10431	1.600519
10436	1.606265
10441	1.612756
10446	1.61863
10451	1.625624
10456	1.631355
10461	1.638278
10466	1.643822
10471	1.650241
10476	1.655746
10481	1.662082
10486	1.667974
10491	1.674642
10496	1.680426
10501	1.687304
10506	1.693235
10511	1.70013
10516	1.706544
10521	1.713592
10526	1.719827
10531	1.726624
10536	1.732645
10541	1.739691
10546	1.745869
10551	1.752843
10556	1.759176
10561	1.766167
10566	1.772733
10571	1.77987
10576	1.786321
10581	1.625231
10586	1.800751
10591	1.637342
10596	1.814658
10601	1.649032
10606	1.82817
10611	1.659368
10616	1.841838
10621	1.671364
10626	1.855763
10631	1.754078
10636	1.86981
10641	1.69423
10646	1.884988
10651	1.780344
10656	1.89999
10661	1.794194
10666	1.914476
10671	1.921875
10676	1.8123
10681	1.936634
10686	1.943384
10691	1.951277
10696	1.958568
10701	1.966653
10706	1.973683
10711	1.981777
10716	1.989286
10721	1.997643
10726	2.005117
10731	2.013193
10736	2.020596
10741	2.028492
10746	2.035703
10751	2.043741
10756	2.050846
10761	2.059581
10766	2.066982
10771	2.075404
10776	2.082836
10781	2.091469
10786	2.099644
10791	2.108165
10796	2.116005
10801	2.124555
10806	2.132102
10811	2.140447
10816	2.147952
10821	2.156638
10826	2.164543
10831	2.173508
10836	2.181522
10841	2.190427
10846	2.198627
10851	2.207854
10856	2.216414
10861	2.22526
10866	2.233139
10871	2.241827
10876	2.250052
10881	2.258952
10886	2.266735
10891	2.275884
10896	2.284094
10901	2.293493
10906	2.301989
10911	2.311385
10916	2.320072
10921	2.329659
10926	2.338486
10931	2.347744
10936	2.356114
10941	2.365448
10946	2.373529
10951	2.383006
10956	2.39162
10961	2.401441
10966	2.410102
10971	2.419701
10976	2.428723
10981	2.438516
10986	2.44805
10991	2.458149
10996	2.467062
11001	2.476858
11006	2.485348
11011	2.305653
11016	2.503759
11021	2.322391
11026	2.330512
11031	2.532808
11036	2.346607
11041	2.551881
11046	2.56142
11051	2.373532
11056	2.381165
11061	2.592074
11066	2.400287
11071	2.409194
11076	2.620638
11081	2.631308
11086	2.6405
11091	2.650807
11096	2.660483
11101	2.460228
11106	2.680828
11111	2.692105
11116	2.702663
11121	2.713927
11126	2.724512
11131	2.735078
11136	2.743961
11141	2.754972
11146	2.764383
11151	2.775462
11156	2.785247
11161	2.796373
11166	2.806621
11171	2.817856
11176	2.828387
11181	2.840126
11186	2.850919
11191	2.86276
11196	2.872909
11201	2.884262
11206	2.894603
11211	2.906105
11216	2.916343
11221	2.927914
11226	2.938327
11231	2.950627
11236	2.960841
11241	2.972888
11246	2.983744
11251	2.995832
11256	3.00723
11261	3.0197
11266	3.030239
11271	3.042178
11276	3.05271
11281	3.064951
11286	3.075617
11291	3.088293
11296	3.099569
11301	3.111592
11306	3.123329
11311	3.135586
11316	3.146811
11321	3.160193
11326	3.171659
11331	3.184505
11336	3.195514
11341	3.208361
11346	3.2196
11351	3.233045
11356	3.244968
11361	3.257906
11366	3.270206
11371	3.282917
11376	3.29495
11381	3.308196
11386	3.320439
11391	3.334221
11396	3.346114
11401	3.360117
11406	3.371067
11411	3.384693
11416	3.396629
11421	3.410162
11426	3.422781
11431	3.436832
11436	3.448655
11441	3.463109
11446	3.475326
11451	3.489542
11456	3.503067
11461	3.517808
11466	3.530196
11471	3.543933
11476	3.556673
11481	3.570612
11486	3.583317
11491	3.598408
11496	3.611268
11501	3.626032
11506	3.639163
11511	3.653921
11516	3.667312
11521	3.682423
11526	3.696267
11531	3.711357
11536	3.724342
11541	3.738768
11546	3.752158
11551	3.767464
11556	3.780663
11561	3.796379
11566	3.810308
11571	3.825946
11576	3.839603
11581	3.855452
11586	3.869656
11591	3.886309
11596	3.900138
11601	3.91576
11606	3.929662
11611	3.945287
11616	3.959215
11621	3.975027
11626	3.989438
11631	4.005945
11636	4.02057
11641	4.03674
11646	4.051478
11651	4.068953
11656	4.084178
11661	4.101217
11666	4.115808
11671	4.132146
11676	4.146244
11681	4.162925
11686	4.177435
11691	4.194792
11696	4.20987
11701	4.226927
11706	4.242882
11711	4.259551
11716	4.275126
11721	4.292936
11726	4.308985
11731	4.326405
11736	4.3419
11741	4.358568
11746	4.373426
11751	4.391569
11756	4.407507
11761	4.425284
11766	4.441625
11771	4.459563
11776	4.475652
11781	4.494208
11786	4.510887
11791	4.530222
11796	4.545451
11801	4.56431
11806	4.5794
11811	4.597394
11816	4.613357
11821	4.63159
11826	4.647534
11831	4.666541
11836	4.683415
11841	4.702188
11846	4.719863
11851	4.738796
11856	4.756216
11861	4.776753
11866	4.79237
11871	4.812134
11876	4.827565
11881	4.847529
11886	4.864293
11891	4.883883
11896	4.901569
11901	4.92155
11906	4.939135
11911	4.958879
11916	4.976382
11921	4.997918
11926	5.016185
11931	5.036681
11936	5.05299
11941	5.073519
11946	5.090061
11951	5.110887
11955	5.114514
11960	5.136294
11965	5.157322
11970	5.175649
11975	5.196848
11980	5.215085
11985	5.236633
11990	5.255914
11995	5.27867
12000	5.296056
12005	5.317433
12010	5.33533
12015	5.131833
12020	5.375444
12025	5.397947
12030	5.416338
12035	5.438854
12040	5.458445
12045	5.481494
12050	5.500718
12055	5.524095
12060	5.544643
12065	5.567785
12070	5.58585
12075	5.608871
12080	5.627598
12085	5.650037
12090	5.669676
12095	5.691967
12100	5.712219
12105	5.736047
12110	5.756119
12115	5.779611
12120	5.802007
12125	5.826444
12130	5.846744
12135	5.871397
12140	5.891121
12145	5.915316
12150	5.935042
12155	5.95983
12160	5.98155
12165	6.007027
12170	6.028807
12175	6.053337
12180	6.074195
12185	6.100172
12190	6.123107
12195	6.149799
12200	6.171493
12205	6.19607
12210	6.218413
12215	6.243764
12220	6.264051
12225	6.290336
12230	6.311922
12235	6.338213
12240	6.361767
12245	6.387121
12250	6.411403
12255	6.439131
12260	6.462161
12265	6.489317
12270	6.512206
12275	6.538422
12280	6.561189
12285	6.587861
12290	6.610068
12295	6.637555
12300	6.661683
12305	6.689422
12310	6.713522
12315	6.741197
12320	6.766078
12325	6.795496
12330	6.818416
12335	6.848191
12340	6.871131
12345	6.899932
12350	6.923325
12355	6.951187
12360	6.973718
12365	7.00366
12370	7.028367
12375	7.057266
12380	7.083592
12385	7.114122
12390	7.139967
12395	7.170457
12400	7.194266
12405	7.224813
12410	7.249323
12415	7.278446
12420	7.303058
12425	7.332885
12430	7.359163
12435	7.390295
12440	7.417029
12445	7.44723
12450	7.475314
12455	7.506264
12460	7.534001
12465	7.565375
12470	7.589984
12475	7.621762
12480	7.648263
12485	7.67925
12490	7.705968
12495	7.738277
12500	7.766437
12505	7.799561
12510	7.827657
12515	7.860252
12520	7.889075
12525	7.921671
12530	7.949949
12535	7.983565
12540	8.00992
12545	8.042863
12550	8.069102
12555	8.10319
12560	8.130286
12565	8.164221
12570	8.195172
12575	8.226938
12580	8.257512
12585	8.291001
12590	8.322241
12595	8.357957
12600	8.385556
12605	8.422089
12610	8.449303
12615	8.485214
12620	8.513118
12625	8.548806
12630	8.577433
12635	8.613144
12640	8.644818
12645	8.679694
12650	8.711492
12655	8.749575
12660	8.778243
12665	8.817414
12670	8.844904
12675	8.882413
12680	8.912652
12685	8.948403
12690	8.979115
12695	9.016042
12700	9.045492
12705	9.08489
12710	9.116642
12715	9.153997
12720	9.186471
12725	9.227791
12730	9.258449
12735	9.299106
12740	9.329285
12745	9.367451
12750	9.398028
12755	9.436614
12760	9.46737
12765	9.508135
12770	9.540527
12775	9.580577
12780	9.614955
12785	9.655063
12790	9.689748
12795	9.732212
12800	9.763743
12805	9.804924
12810	9.838607
12815	9.87902
12820	9.910208
12825	9.95239
12830	9.985621
12835	10.028516
12840	10.063208
12845	10.104112
12850	10.141268
12855	10.186094
12860	10.220726
12865	10.265183
12870	10.299241
12875	10.342895
12880	10.3487
12885	10.419985
12890	10.444657
12895	10.498298
12900	10.531721
12905	10.542794
12910	10.542794
12915	10.659514
12920	10.696768
12925	10.711055
12930	10.779752
12935	10.825859
12940	10.861072
12945	10.909446
12950	10.944176
12955	10.991378
12960	11.026332
12965	11.075686
12970	11.11323
12975	11.160135
12980	11.198785
12985	11.246409
12990	11.285345
12995	11.335354
13000	11.371047
13005	11.420719
13010	11.456987
13015	11.507286
13020	11.5445
13025	11.591728
13030	11.630873
13035	11.682308
13040	11.722077
13045	11.771321
13050	11.814071
13055	11.86703
13060	11.905775
13065	11.960492
13070	11.999071
13075	12.051102
13080	12.091922
13085	12.144154
13090	12.184522
13095	12.236767
13100	12.278546
13105	12.332435
13110	12.373132
13115	12.427457
13120	12.469627
13125	12.524203
13130	12.567966
13135	12.622122
13140	12.662163
13145	12.717189
13150	12.758336
13155	12.814818
13160	12.855126
13165	12.910449
13170	12.953727
13175	13.010937
13180	13.056922
13185	13.112499
13190	13.161923
13195	13.216418
13200	13.262429
13205	13.317075
13210	13.363686
13215	13.419219
13220	13.463085
13225	13.5199
13230	13.566336
13235	13.621728
13240	13.670981
13245	13.727548
13250	13.779674
13255	13.838002
13260	13.887631
13265	13.945561
13270	13.994066
13275	14.050616
13280	14.098353
13285	14.155937
13290	14.203337
13295	14.263478
13300	14.314926
13305	14.376595
13310	14.382501
13315	14.488524
13320	14.54448
13325	14.567263
13330	14.567263
13335	14.716334
13340	14.75789
13345	14.75789
13350	14.75789
13355	14.75789
13360	14.989226
13365	15.033812
13370	15.105278
13375	15.166556
13380	15.221379
13385	15.287295
13390	15.34449
13395	15.40448
13400	15.461212
13405	15.522253
13410	15.577667
13415	15.639827
13420	15.694743
13425	15.758317
13430	15.816398
13435	15.879844
13440	15.938542
13445	16.00307
13449	16.086196
13454	16.083272
13459	16.089623
13464	16.094791
13469	16.091167
13474	16.093035
13479	16.080895
13484	16.090381
13489	16.093764
13494	16.083512
13499	16.09094
13504	16.092784
13509	16.090702
13514	16.093905
13519	16.080506
13524	16.089143
13529	16.092816
13534	16.082066
